209
173 779
225 799
252 801
257 853
213 847
229 829
116 879
192 912
160 838
334 914
216 882
389 880
275 822
414 851
406 813
421 917
444 888
466 820
507 930
531 891
479 880
540 849
605 924
572 895
600 854
649 917
100 763
246 710
353 736
258 763
402 780
494 780
551 826
648 810
824 912
812 799
712 950
782 945
873 950
866 769
898 796
882 869
907 879
924 943
928 860
931 733
584 724
357 688
568 764
226 664
77 732
79 805
102 915
177 942
71 865
56 678
54 766
208 616
297 564
361 564
430 589
394 566
378 527
428 669
555 590
586 638
772 570
736 498
686 564
817 528
799 567
846 597
891 670
909 650
931 687
926 614
851 573
926 582
896 534
772 501
657 499
738 478
799 490
899 509
941 584
941 617
901 478
586 424
563 449
591 470
519 451
458 481
442 527
291 514
343 505
452 437
519 421
729 410
802 420
921 481
924 516
920 537
154 547
256 504
256 555
367 427
469 400
547 390
592 400
106 565
73 560
50 608
61 471
71 510
84 439
105 443
132 466
135 424
239 477
141 514
310 439
362 388
470 365
560 363
221 343
226 371
120 388
82 390
63 356
65 321
285 271
314 328
557 289
60 275
213 218
147 277
318 236
355 273
522 242
576 233
603 305
713 379
828 389
902 434
923 439
948 511
933 382
803 344
677 334
653 284
795 286
896 327
935 305
764 245
631 244
608 271
554 190
341 227
378 252
203 186
373 163
390 192
334 202
146 209
103 185
201 158
461 114
492 164
547 158
603 170
688 167
657 201
759 223
792 208
890 205
893 255
920 256
950 180
755 166
67 141
185 98
151 139
230 111
262 122
293 86
357 79
358 115
463 92
234 75
503 62
530 125
637 130
789 125
842 140
857 111
890 118
884 151
947 144
924 95
767 71
743 103
732 81
656 82
556 102
527 50
575 75
652 63
732 50
774 53
346
0 1
0 6
1 2
2 3
2 14
3 4
3 12
4 5
5 0
6 7
6 26
6 52
7 8
7 9
8 4
9 10
9 11
10 3
11 3
11 15
12 13
13 11
14 13
14 17
15 16
16 13
16 18
17 16
17 21
18 19
18 22
19 20
20 17
21 19
21 24
21 31
22 23
23 19
24 23
24 25
25 22
25 34
25 36
26 27
27 1
27 28
28 29
28 48
29 30
30 14
30 31
31 17
31 32
31 33
32 21
33 24
34 35
34 38
35 33
36 37
37 34
38 39
38 43
39 35
39 40
40 41
41 42
42 38
43 44
44 42
44 45
45 39
45 46
46 33
46 47
47 28
47 49
47 60
47 61
48 46
49 27
49 50
50 26
50 51
50 55
51 6
52 53
52 54
53 7
54 6
55 56
55 57
55 109
55 110
56 51
57 50
57 49
57 58
57 102
58 59
58 93
59 47
60 61
60 63
60 46
60 64
61 80
62 59
62 61
63 47
63 46
64 65
64 67
65 46
65 66
66 45
66 71
66 69
66 64
67 68
67 81
68 69
68 66
68 64
69 70
69 78
69 79
70 71
71 72
71 76
72 73
72 74
73 74
74 45
74 75
75 71
76 77
76 69
77 75
77 84
78 77
79 67
80 67
81 82
82 79
82 83
83 78
83 86
83 101
84 85
85 75
85 77
86 87
86 99
87 88
87 83
87 97
87 107
88 89
89 81
89 80
89 90
90 91
91 92
92 62
93 94
93 105
94 62
94 95
95 91
95 96
95 106
96 87
97 98
98 86
99 100
100 101
101 78
102 103
103 104
103 120
104 93
105 95
106 107
106 122
107 96
107 108
108 87
109 57
109 102
109 116
110 111
111 112
112 113
112 128
113 114
114 115
115 109
116 117
116 118
117 115
117 121
118 119
118 103
119 102
120 105
121 120
121 106
121 95
122 123
122 124
123 107
123 141
124 121
124 125
125 126
126 117
126 127
127 114
128 124
128 129
129 130
129 133
130 131
131 132
131 136
132 122
133 134
133 163
134 135
134 159
135 136
136 130
136 137
137 131
137 138
138 132
138 139
139 140
139 156
140 132
140 123
141 108
141 142
142 98
142 143
143 86
143 144
144 145
144 146
145 100
146 147
146 152
147 142
147 148
148 141
148 149
149 140
149 150
150 147
150 151
151 146
152 153
152 177
153 150
153 154
154 149
154 155
155 139
156 157
157 158
158 136
159 160
160 161
161 162
162 157
162 159
163 164
164 165
164 179
165 159
165 166
166 160
166 167
167 168
168 156
168 169
169 154
169 170
170 171
171 172
172 153
172 173
173 174
174 175
175 176
176 152
177 178
178 173
178 170
179 180
180 181
180 188
181 182
182 183
183 165
183 184
184 185
185 186
185 189
186 187
187 166
188 184
189 187
189 190
189 204
190 167
190 191
191 169
191 192
192 178
192 193
193 194
194 195
194 200
195 196
196 197
197 177
197 198
198 195
198 199
199 194
200 201
200 202
201 199
202 191
202 203
202 206
203 189
203 204
204 205
205 203
206 207
207 201
208 207
208 199
