196
385 763
272 842
383 811
421 791
434 839
258 901
349 840
236 874
187 817
167 874
184 910
209 933
371 941
487 889
385 887
553 830
589 926
628 873
659 820
691 900
611 934
538 943
499 928
477 915
492 950
812 939
885 822
804 915
692 874
771 854
689 844
687 804
821 830
854 804
845 832
896 791
924 836
899 855
875 912
950 839
926 736
738 757
867 773
669 773
457 815
660 735
805 704
288 735
275 812
429 711
650 673
470 752
656 706
138 867
162 918
918 681
819 678
686 688
265 629
292 625
337 749
393 695
160 753
214 707
99 839
148 814
167 800
95 750
78 803
124 763
72 841
78 894
127 923
99 875
62 919
119 941
89 722
172 698
134 729
206 671
252 685
203 633
243 647
202 616
293 600
345 625
347 695
381 622
434 696
451 660
564 633
769 650
813 647
919 650
933 682
931 650
866 611
756 609
653 626
662 608
786 573
669 544
492 610
577 599
456 512
482 509
319 477
575 410
678 473
800 549
811 507
759 463
618 419
564 469
688 375
682 435
744 414
763 439
691 453
855 432
847 508
887 569
208 501
308 543
248 473
130 554
148 605
151 639
72 652
68 548
91 494
193 445
340 406
436 345
503 375
588 349
673 320
746 371
870 390
923 496
925 605
88 464
120 438
153 431
174 409
213 404
240 374
264 392
315 378
98 273
123 265
135 340
156 255
182 251
209 247
245 235
338 317
56 432
59 315
50 264
112 228
150 223
205 212
250 201
390 311
487 296
618 277
243 178
193 190
129 197
176 168
59 183
139 169
189 147
315 159
425 302
475 183
416 247
552 237
534 167
566 154
690 220
685 285
851 320
658 156
767 247
841 257
805 373
898 340
942 425
941 276
900 221
772 207
809 159
507 156
903 179
304
0 2
1 0
1 8
2 3
3 4
3 45
4 5
4 15
5 6
5 12
6 7
7 1
7 10
8 9
8 47
8 62
9 7
9 53
10 11
11 5
12 13
13 14
13 16
13 21
14 4
15 13
15 18
16 17
16 21
17 15
18 19
19 20
19 25
20 17
21 22
21 24
22 23
23 13
24 22
25 26
26 27
27 28
28 19
28 29
29 30
30 31
31 18
31 32
32 27
32 33
33 34
34 35
35 36
35 43
36 37
36 40
37 26
37 38
38 39
39 36
40 41
40 55
41 42
42 43
43 31
43 44
44 3
45 43
45 46
46 40
47 48
47 58
47 62
48 49
49 3
49 50
50 51
50 91
51 52
52 45
53 54
53 65
54 10
54 9
55 56
55 94
56 46
56 57
56 92
57 50
58 59
59 60
59 85
60 58
60 61
61 49
61 86
62 63
62 64
62 67
63 47
63 79
64 53
64 71
65 66
66 62
67 68
67 76
68 69
69 70
70 64
71 72
71 74
72 73
73 53
74 75
75 72
76 77
76 128
77 78
78 63
79 80
80 81
81 82
82 83
83 84
83 126
84 59
84 122
85 61
85 87
86 59
87 88
87 106
88 49
88 89
89 90
89 104
90 50
91 56
91 98
92 93
93 55
93 96
93 140
94 95
95 93
96 97
97 91
98 99
99 90
99 100
100 97
100 101
101 102
102 103
103 90
104 105
105 102
105 108
106 107
107 105
107 114
108 101
108 109
108 112
109 100
109 110
110 111
111 108
112 113
113 107
114 115
114 135
115 116
116 117
116 138
117 118
117 119
118 108
119 120
119 116
120 110
120 121
121 96
122 123
122 125
123 124
124 106
125 83
125 130
126 127
127 81
127 77
128 127
128 129
129 125
130 131
130 141
130 157
131 122
131 132
132 106
132 133
133 134
133 165
134 135
135 107
135 136
136 114
136 137
137 116
138 119
138 139
139 121
139 189
140 95
141 142
141 149
142 143
143 144
144 145
144 154
145 146
146 147
146 155
147 131
147 148
148 132
149 150
150 151
151 142
151 152
152 153
153 144
154 153
154 145
154 155
155 156
156 148
157 158
158 149
158 159
159 160
159 171
160 149
160 161
161 152
161 162
161 169
162 154
162 163
163 155
163 164
163 167
164 156
164 133
165 135
165 166
166 136
166 179
167 168
167 174
168 162
169 170
170 168
171 172
172 169
172 173
173 167
174 175
174 176
175 165
176 177
176 178
177 166
178 179
178 166
179 180
179 194
180 166
180 181
180 184
181 182
182 183
183 137
183 186
183 187
184 185
184 193
185 182
185 186
187 188
188 138
189 190
190 188
190 191
191 192
191 193
192 186
193 192
193 195
194 180
195 191
