188
98 914
89 878
128 852
143 895
124 918
231 907
232 850
168 811
222 806
71 775
158 713
161 744
134 785
173 723
172 783
218 766
253 845
340 909
337 831
253 881
274 692
294 816
379 790
412 842
381 943
424 932
385 876
471 915
541 940
539 862
502 889
478 767
331 741
311 786
323 694
72 706
239 634
223 669
347 646
475 721
533 760
630 714
621 795
632 950
732 933
721 828
677 905
680 730
789 793
810 927
756 887
878 945
864 890
901 938
887 884
873 853
824 874
813 788
917 944
922 894
902 869
904 814
842 843
830 778
808 717
714 765
726 797
784 759
793 669
878 758
934 795
940 909
909 692
893 743
839 662
55 641
258 559
144 630
345 566
298 619
470 669
602 658
560 692
669 696
773 628
833 619
918 666
947 648
839 583
803 588
773 591
950 615
906 576
837 559
853 555
932 563
773 564
804 545
683 597
568 534
618 483
660 443
401 518
516 615
367 530
253 480
358 501
362 436
549 413
586 446
537 492
546 343
577 346
611 357
641 361
847 491
748 492
912 521
916 475
840 448
942 448
775 374
706 406
699 353
679 396
73 482
166 462
141 556
210 527
207 458
247 449
340 388
497 334
498 388
546 306
595 307
643 311
673 334
767 327
732 383
937 386
73 410
252 378
336 352
253 410
396 285
508 284
445 326
618 283
656 287
840 292
933 263
558 222
75 348
289 302
317 259
82 299
76 121
102 117
100 275
150 108
141 292
51 299
50 509
218 248
299 197
446 249
235 101
299 169
504 195
505 100
451 95
457 136
623 201
633 143
840 205
759 216
692 172
651 201
683 90
734 90
880 187
796 172
889 138
765 82
919 151
934 184
905 197
286
0 4
1 0
2 1
2 9
3 2
3 7
4 3
4 5
5 6
5 17
6 3
7 8
8 6
9 10
9 35
10 13
10 20
11 12
11 10
12 7
13 11
13 14
14 15
15 16
16 6
17 18
17 24
18 19
19 16
20 21
21 16
21 22
22 23
23 18
23 27
23 31
24 18
24 25
25 26
26 23
27 25
27 28
28 29
28 43
29 30
29 40
30 23
31 32
32 33
32 34
33 22
34 20
35 36
35 75
36 37
37 38
38 34
38 39
39 31
39 41
40 31
41 42
42 40
42 43
42 47
43 29
43 44
44 45
44 51
45 46
45 48
46 42
47 45
47 68
48 49
49 50
50 45
51 52
51 53
52 49
53 54
53 58
54 52
54 55
55 56
55 60
56 57
57 48
58 59
59 60
59 61
60 54
61 62
61 63
62 63
63 57
63 64
64 65
65 66
66 67
67 48
68 69
68 85
69 63
69 70
70 61
70 71
70 72
70 87
71 59
72 73
73 74
74 68
75 76
75 125
76 77
76 105
77 78
78 79
78 80
79 38
79 77
80 39
80 81
81 82
81 83
81 99
82 41
83 47
83 84
84 68
85 86
85 89
86 74
86 72
87 86
87 88
87 91
88 85
88 93
89 88
89 90
90 84
90 96
91 92
92 88
93 94
94 95
95 92
95 120
96 97
97 93
97 117
98 100
99 98
99 102
100 101
100 110
101 96
101 115
102 103
103 104
104 78
104 106
105 106
106 107
107 108
108 102
108 109
108 111
109 100
109 113
110 108
111 112
111 134
112 109
113 114
113 136
114 101
115 116
116 97
117 118
118 119
119 115
119 122
120 118
120 121
121 119
122 123
123 124
124 114
125 126
125 141
126 127
127 128
128 129
129 130
130 105
130 131
131 107
131 132
131 145
132 133
133 111
134 135
135 113
136 137
137 114
137 138
138 139
138 140
139 121
140 120
140 151
141 142
141 153
141 163
142 129
142 143
143 144
144 131
145 146
146 147
146 134
146 148
147 132
148 135
148 149
149 136
149 150
150 138
150 140
151 152
151 175
152 149
152 145
153 154
153 156
153 162
154 143
154 155
155 145
156 157
157 158
158 159
159 160
160 161
160 164
160 165
160 167
161 154
162 156
163 125
164 165
165 155
165 166
166 145
167 168
168 169
169 166
169 170
170 171
170 173
171 172
172 167
173 152
173 174
174 170
174 179
175 176
176 177
177 178
177 180
178 174
180 179
180 176
180 181
181 182
181 183
182 175
183 184
183 185
184 180
185 186
186 187
187 181
