177
299 719
298 596
409 596
389 701
345 646
308 697
362 683
317 646
368 585
283 563
250 585
368 546
293 550
291 543
244 569
263 567
383 555
393 540
423 590
417 679
380 749
366 733
362 742
312 754
345 729
299 730
424 693
450 605
417 604
473 631
433 542
392 466
529 587
519 706
431 718
551 624
476 495
312 484
363 477
376 445
447 433
485 474
430 463
543 523
246 390
504 443
246 700
199 700
195 558
135 599
293 803
518 755
492 745
376 776
557 649
560 462
507 463
534 416
390 811
419 821
312 847
169 712
185 750
91 662
161 685
570 795
509 782
414 861
548 931
442 832
594 664
535 757
587 571
646 533
576 551
634 492
687 582
627 617
652 661
708 595
715 643
672 675
683 545
744 642
743 587
706 521
699 486
662 472
619 437
610 455
569 422
577 397
788 702
677 398
755 569
389 375
485 357
530 345
568 343
540 366
495 394
239 262
391 259
535 320
597 294
552 263
628 355
739 317
646 381
188 398
231 381
147 473
165 337
666 727
110 379
133 413
197 232
539 218
659 297
399 201
344 234
528 203
648 240
785 418
742 515
763 560
825 509
863 416
889 547
773 755
687 760
915 408
830 343
803 220
889 326
870 228
891 256
840 175
625 120
791 165
294 153
132 180
151 248
303 104
587 81
683 97
806 135
890 164
918 203
927 325
932 255
493 66
414 141
771 63
293 66
532 50
647 52
875 700
943 638
856 857
257 841
154 869
316 896
50 476
97 548
79 342
96 160
904 869
830 950
827 899
934 896
950 884
144 60
58 130
917 103
841 118
946 169
318
0 3
0 10
0 1
1 4
2 8
2 16
2 19
3 2
3 20
4 5
5 7
5 6
6 8
7 4
8 9
8 11
10 9
11 17
11 12
11 31
12 13
13 14
13 37
13 31
14 15
14 10
14 46
14 44
15 10
16 17
17 18
18 2
19 27
19 3
20 21
20 26
20 34
20 52
22 23
22 21
23 24
23 47
24 25
25 0
25 23
26 19
26 29
26 33
27 28
27 30
28 18
29 27
30 17
30 32
31 40
31 36
31 30
32 29
32 36
33 32
33 35
34 33
35 32
36 43
36 30
37 38
38 39
39 31
40 45
40 41
41 42
42 36
43 41
43 35
44 39
44 49
44 101
44 95
44 57
44 40
45 41
46 25
47 48
47 46
47 50
48 44
48 14
49 114
49 47
50 20
50 51
50 58
51 52
51 33
51 54
52 53
52 34
52 33
53 20
54 55
54 35
55 56
55 57
55 73
56 45
57 96
57 97
57 98
57 75
58 59
59 60
59 51
59 65
60 61
60 50
60 67
61 62
62 63
62 160
63 64
63 163
64 49
65 66
65 70
65 113
66 51
67 59
67 68
68 69
68 168
69 65
70 71
70 72
70 73
71 54
72 54
73 76
73 74
74 72
75 73
76 82
76 79
76 77
77 78
78 70
79 80
79 82
80 81
80 83
81 78
82 75
83 92
83 84
83 125
84 79
84 85
85 86
85 82
86 87
86 94
87 75
87 88
88 89
89 90
90 91
91 57
91 104
91 93
92 129
92 81
92 126
93 87
93 123
93 86
94 84
95 57
96 100
97 96
97 103
98 99
98 91
99 97
100 95
101 102
101 109
101 117
102 95
102 105
102 103
102 96
103 98
104 102
104 106
105 104
106 107
107 133
107 123
107 108
108 93
109 110
110 111
111 49
111 112
112 101
112 109
112 116
113 92
113 81
114 115
114 141
114 116
115 112
116 101
116 143
116 119
117 105
117 118
118 133
118 106
119 120
119 140
119 144
120 121
121 117
121 138
121 122
122 139
122 118
123 127
123 126
123 124
124 125
125 94
126 125
127 128
127 126
128 131
128 92
129 130
129 157
130 65
131 132
131 158
132 127
132 107
132 134
133 132
133 137
133 135
134 136
134 131
135 136
137 148
137 135
138 119
138 122
139 133
139 138
139 137
140 116
141 142
141 154
142 116
143 119
143 151
144 145
144 153
144 156
145 146
145 138
146 139
146 147
147 137
147 176
148 136
149 150
149 134
150 148
151 152
152 144
153 146
153 174
154 143
154 155
155 151
155 144
156 153
157 128
157 159
158 157
158 167
158 171
159 129
159 68
160 161
161 162
162 60
162 68
163 164
163 173
164 165
165 114
165 166
165 173
166 141
166 154
166 172
167 159
168 169
168 170
169 167
170 167
171 170
172 154
173 166
174 175
175 147
176 148
