237
209 668
336 789
454 624
301 523
300 629
94 514
214 634
230 544
238 630
199 592
156 486
158 556
285 592
269 533
277 558
286 546
275 495
268 523
302 503
389 557
399 520
412 580
494 626
426 727
152 658
219 805
239 746
250 789
245 854
91 710
101 788
158 747
307 858
275 810
389 804
312 821
417 760
465 755
465 667
501 662
475 685
488 735
500 704
517 674
447 815
383 838
427 802
395 865
363 856
312 884
476 834
547 644
534 710
515 743
510 723
531 781
553 836
518 815
581 699
588 640
642 493
585 421
618 616
628 674
625 708
600 736
590 820
554 886
526 862
590 847
636 858
615 814
653 666
641 651
647 635
650 589
631 606
670 612
669 655
672 681
708 629
667 488
97 448
615 382
682 474
697 706
556 923
288 406
381 408
399 363
703 446
739 638
736 714
761 793
708 786
733 863
702 826
810 644
755 731
759 682
798 626
786 656
756 574
736 473
736 565
785 537
822 615
803 796
625 941
129 913
151 938
185 926
261 950
60 765
80 746
51 719
50 603
249 322
751 938
704 913
778 901
817 877
833 859
860 817
866 791
821 779
830 643
860 640
853 768
886 767
890 799
848 873
881 937
897 913
887 874
917 898
903 844
911 814
909 764
930 820
888 642
821 510
771 509
769 469
755 499
911 626
845 487
750 421
739 452
712 419
610 347
517 336
499 308
484 345
396 339
110 278
252 293
114 262
267 293
246 250
267 249
529 277
623 327
741 398
863 464
936 609
842 408
816 419
797 377
621 236
756 277
787 317
501 242
544 261
539 219
575 269
584 220
597 286
679 212
707 217
805 263
814 293
853 353
112 228
220 265
227 228
155 188
188 237
470 222
459 255
492 201
520 196
618 155
675 180
735 175
829 254
844 296
899 374
859 392
910 406
883 447
931 471
950 671
925 716
346 145
346 196
534 159
593 128
707 147
769 139
825 132
846 211
923 263
891 300
879 175
856 89
663 115
633 83
494 138
462 155
443 127
415 154
397 129
379 162
365 105
418 97
495 83
577 65
534 139
797 53
686 92
93 125
228 58
240 92
150 105
123 158
201 127
394
0 5
1 0
1 2
1 24
1 27
2 3
2 23
2 38
3 4
3 13
4 0
5 6
5 24
5 29
5 82
6 7
7 8
7 9
7 4
7 12
7 16
8 4
9 10
10 11
10 7
10 83
11 5
12 3
13 14
13 7
14 15
15 12
16 17
16 61
17 18
18 3
18 19
19 20
20 21
20 60
21 22
22 2
22 51
23 1
23 37
24 0
24 25
24 30
25 26
26 1
27 28
28 25
28 32
28 49
29 24
29 116
30 31
30 25
30 28
30 113
31 25
32 33
32 34
33 1
34 35
34 37
35 36
36 23
37 36
37 41
37 44
38 22
38 23
38 37
38 39
39 22
39 40
40 37
41 42
41 53
42 43
43 39
44 45
45 46
45 47
46 34
47 48
47 50
47 56
47 67
48 32
49 47
50 44
50 41
51 43
51 52
51 59
52 42
52 55
53 54
54 52
55 50
55 58
55 65
56 50
56 57
57 55
58 52
59 58
59 63
60 59
60 62
60 75
61 60
61 84
62 59
62 74
63 64
63 73
64 58
64 66
65 64
66 56
67 68
67 70
68 69
69 66
70 71
70 86
70 95
71 66
71 72
72 64
73 72
74 73
74 78
75 76
76 77
77 74
77 81
78 79
79 72
79 70
79 80
80 77
80 85
81 60
82 10
82 87
82 117
82 155
83 61
83 90
84 81
84 80
85 70
85 92
86 47
86 49
87 10
87 88
88 89
89 83
89 117
90 84
90 91
90 103
91 80
91 85
91 99
92 91
92 93
93 94
93 97
94 70
95 96
95 108
95 121
96 93
97 98
97 101
97 107
98 91
99 100
100 101
100 102
102 91
103 104
104 105
105 102
105 106
106 100
106 97
106 126
107 93
107 95
107 123
108 86
108 109
108 118
109 49
109 110
109 30
110 111
111 112
112 108
113 114
114 115
115 29
116 5
117 87
117 156
118 119
119 120
120 95
121 122
121 132
122 107
123 124
123 130
124 125
125 126
126 97
126 127
127 128
128 129
129 124
129 138
130 129
130 131
131 122
132 133
133 131
133 134
134 135
135 136
136 137
137 130
138 139
138 140
139 137
139 135
140 127
140 141
140 145
141 142
141 143
142 105
143 144
144 103
145 146
145 203
146 141
146 147
147 148
148 149
149 90
149 150
150 83
150 151
151 152
152 153
153 154
154 89
155 117
156 157
156 158
156 159
157 155
157 183
158 152
159 160
160 158
160 161
161 152
161 151
161 162
161 172
162 150
162 163
162 169
163 147
163 164
164 146
164 165
164 166
165 145
165 202
166 167
167 168
168 163
169 170
169 178
170 171
170 180
171 168
172 173
172 190
173 174
174 175
175 176
176 177
176 193
177 169
178 179
179 170
180 181
180 195
181 171
181 182
182 166
183 184
183 186
183 231
184 185
185 159
185 188
186 187
186 204
187 185
188 189
189 172
190 191
191 174
191 192
192 176
192 208
193 178
193 194
194 179
194 180
195 196
196 181
196 197
197 198
197 212
198 182
198 199
199 200
200 201
201 165
202 145
203 140
204 205
204 223
205 206
206 190
206 207
206 218
207 192
208 193
208 209
209 194
209 180
209 210
210 211
211 195
211 197
212 213
213 214
214 211
214 215
215 209
215 216
216 208
216 217
217 207
217 229
218 219
218 220
218 227
219 220
220 221
220 226
221 222
221 225
222 223
222 204
222 225
224 204
224 222
225 220
226 218
227 228
228 217
229 230
230 215
231 232
232 233
233 234
234 235
235 231
235 236
236 186
