243
272 741
317 670
166 543
315 615
327 549
346 659
360 747
419 615
100 745
168 882
235 811
327 904
208 939
616 924
362 879
329 840
239 869
234 842
259 900
79 914
210 917
78 769
118 890
68 621
107 624
89 716
212 716
277 692
364 802
447 843
364 840
275 775
165 782
492 847
432 865
502 823
251 668
113 524
152 594
350 513
464 612
441 655
541 813
645 894
556 858
546 869
587 886
534 844
699 933
640 950
661 924
802 950
714 851
748 922
678 813
694 890
895 947
856 913
847 938
798 915
823 939
807 801
743 844
916 937
911 879
821 890
788 827
856 835
875 812
934 878
750 810
727 770
717 820
522 733
645 832
562 683
870 663
765 767
838 748
837 708
886 683
823 778
905 806
943 859
917 761
858 740
862 715
907 704
903 662
635 603
747 654
520 594
649 653
465 554
488 590
499 548
569 555
578 596
615 562
608 606
645 568
906 636
81 485
194 491
130 519
324 479
211 516
386 487
402 558
476 518
555 525
609 536
745 551
910 599
748 521
590 488
532 484
535 510
454 436
553 460
560 419
574 382
542 356
315 451
292 418
305 391
336 363
372 349
405 336
431 334
462 334
492 336
506 350
269 454
264 383
303 345
349 323
380 307
364 284
336 299
211 401
199 455
80 453
92 426
114 384
126 341
172 304
236 283
279 276
187 261
245 254
291 249
314 299
345 245
418 269
426 295
476 294
512 309
531 327
638 366
765 482
850 497
924 572
844 447
741 451
799 222
755 384
907 322
930 631
932 663
937 593
933 742
588 260
615 305
413 173
416 249
180 205
107 211
107 175
224 166
66 188
73 281
69 342
50 417
50 465
275 167
256 169
259 224
306 151
145 140
147 102
331 118
347 194
357 116
295 95
364 82
113 103
121 143
121 68
154 62
298 68
375 60
447 142
538 180
433 106
611 157
631 206
771 188
698 216
847 194
882 264
942 268
903 213
910 177
847 151
693 138
672 173
493 60
611 97
721 92
613 75
730 66
774 136
828 133
781 149
887 137
894 157
923 152
805 107
773 115
804 122
754 96
750 68
866 119
911 119
933 194
950 211
930 114
804 62
934 96
820 54
936 336
947 285
400
0 1
0 8
0 28
1 2
2 3
2 39
3 4
3 6
4 5
4 40
5 3
6 1
6 7
6 35
7 5
8 9
9 10
9 18
10 11
11 12
11 16
12 13
12 19
13 14
13 33
14 15
15 11
16 17
17 9
18 12
19 20
19 21
20 9
21 22
21 23
22 8
23 24
23 102
24 25
24 26
24 36
24 37
25 8
26 27
27 0
28 29
29 30
30 31
31 0
31 32
31 15
32 10
33 34
34 29
35 29
36 2
37 38
38 2
39 4
40 41
40 93
41 7
41 42
42 35
42 43
42 44
43 13
43 48
43 54
44 45
45 46
45 47
46 44
47 33
48 49
48 51
49 50
50 13
51 52
51 56
51 60
52 53
52 70
53 43
54 55
54 71
54 73
55 52
56 57
57 58
57 63
58 59
59 60
59 62
59 65
61 66
61 68
62 52
63 64
64 65
65 57
65 66
66 62
66 67
67 64
68 67
68 69
69 64
70 61
70 77
71 72
72 70
73 74
73 75
74 42
75 40
75 76
76 71
77 78
78 79
78 81
78 82
79 80
80 76
81 68
82 68
82 83
83 69
83 84
84 85
85 86
85 79
86 87
87 80
87 88
88 89
88 171
89 90
90 91
91 92
91 96
92 40
93 94
94 95
95 91
95 93
95 110
96 97
96 111
97 98
98 99
98 96
99 100
100 89
100 101
101 88
101 113
101 168
102 103
103 104
103 105
103 142
104 2
105 106
106 107
107 39
107 108
108 109
109 93
109 95
110 96
111 98
111 112
112 101
113 114
113 162
113 170
114 112
114 115
114 160
115 111
115 112
115 116
116 117
117 110
117 118
118 107
118 108
118 109
118 95
118 119
118 120
118 121
118 123
118 124
118 125
118 126
118 128
118 130
119 116
120 115
121 120
121 115
121 122
122 118
123 105
124 123
124 133
124 134
125 124
125 135
126 125
126 127
126 136
127 118
127 137
128 127
128 129
129 118
130 129
130 131
130 156
131 132
132 118
132 122
133 123
133 103
134 125
134 140
134 147
135 126
136 127
137 128
137 138
138 139
138 154
139 136
140 141
140 145
141 133
142 143
142 183
143 141
143 144
144 140
145 146
145 181
146 134
146 149
147 148
148 135
149 150
149 176
150 147
150 151
151 148
151 152
151 153
151 185
152 139
153 138
153 175
153 188
154 155
155 137
155 130
156 157
157 131
157 158
158 132
158 159
159 115
159 114
159 165
160 161
161 113
162 163
163 164
164 160
165 166
165 172
165 210
166 167
167 162
167 211
167 241
168 169
169 88
170 162
171 169
172 173
172 205
173 174
174 153
175 156
176 177
177 178
177 180
178 179
179 150
180 178
181 146
181 182
182 145
183 143
183 184
184 142
185 186
186 187
187 151
187 150
188 189
189 190
190 191
190 196
191 188
191 192
191 193
191 194
192 174
193 174
194 195
194 200
195 193
195 202
196 197
196 198
197 189
197 178
198 199
199 190
200 201
201 195
201 217
202 174
202 203
202 204
203 172
204 205
205 203
205 206
205 217
206 172
206 207
207 208
207 215
208 209
209 165
209 213
210 167
211 212
211 236
212 210
213 212
213 214
214 207
215 216
216 205
217 204
217 218
218 205
218 219
218 220
219 215
219 222
220 221
221 219
221 232
222 207
222 223
223 224
223 228
224 207
224 225
225 226
226 227
227 213
227 235
228 229
229 230
229 231
230 222
231 222
231 219
232 231
232 233
232 238
233 223
233 234
234 227
235 212
236 235
236 237
237 234
237 239
238 237
239 240
240 238
241 242
242 211
