174
112 902
182 895
116 845
75 858
159 830
246 900
200 909
301 900
339 866
256 822
131 798
58 836
58 783
179 739
158 767
169 790
212 761
200 719
307 775
377 844
373 890
399 865
469 783
248 650
62 744
258 631
392 653
493 828
467 897
462 866
518 851
519 822
526 897
607 891
518 875
561 851
589 807
652 868
750 907
775 870
696 813
781 814
565 750
722 729
797 725
453 614
563 679
806 650
826 901
807 878
851 860
807 831
848 761
860 815
896 849
891 801
919 749
891 691
859 712
873 901
903 888
845 636
888 596
712 609
550 616
522 563
561 586
294 570
359 568
372 610
483 533
169 584
161 602
139 574
61 695
164 646
50 660
79 557
235 538
328 469
548 517
621 573
733 576
879 568
923 577
917 533
633 507
537 471
326 432
220 465
321 403
87 446
252 382
367 339
647 361
595 464
728 477
758 444
764 407
735 369
780 356
735 344
392 291
615 298
566 326
713 290
672 330
855 472
781 507
923 484
916 432
809 421
853 380
811 312
910 351
845 333
895 307
817 351
878 274
913 292
884 228
799 262
752 317
672 233
757 237
754 253
916 200
948 246
565 202
806 183
344 262
158 350
96 408
169 384
382 950
409 922
524 931
658 944
95 346
307 257
331 279
328 231
187 193
75 310
499 136
484 184
639 145
893 154
798 208
935 176
67 269
180 166
78 200
91 217
126 181
86 158
132 140
144 172
191 141
209 160
276 149
227 134
357 127
354 145
499 111
231 116
357 107
377 121
652 119
729 119
709 136
911 138
950 151
769 108
269
0 1
0 2
1 2
2 3
2 4
3 0
4 5
4 10
5 6
5 7
6 1
7 8
8 9
8 20
9 4
9 18
10 11
10 15
11 2
11 12
12 13
12 24
13 16
14 16
15 14
16 17
16 9
17 13
18 19
19 8
19 22
20 21
20 28
20 134
21 19
22 23
22 27
23 17
23 25
24 23
25 26
25 67
25 71
26 22
26 45
27 21
27 31
28 29
28 32
29 30
30 31
31 36
32 29
32 33
32 137
33 34
33 38
34 35
35 30
36 35
36 37
36 42
37 33
37 40
38 39
38 48
39 37
40 41
41 39
41 52
42 43
42 46
43 40
43 44
44 41
45 42
45 65
46 47
47 44
47 61
48 49
49 50
50 51
50 54
50 59
51 39
52 53
52 58
53 51
54 55
55 53
55 56
56 57
56 84
57 62
58 57
59 60
60 54
61 58
62 63
63 47
63 64
64 46
65 66
66 64
67 68
68 69
69 70
70 65
71 72
72 23
72 73
72 74
73 71
74 75
74 76
75 23
76 73
76 77
77 78
77 91
78 71
78 79
78 89
79 68
79 80
80 70
80 81
81 66
81 82
82 63
82 83
83 62
83 85
84 62
85 84
85 86
86 81
86 87
86 94
87 80
87 88
88 79
89 90
90 88
91 92
92 89
92 93
93 90
93 94
93 102
94 87
94 95
94 96
95 86
96 86
96 97
97 98
97 107
98 94
98 99
99 100
100 101
100 113
101 94
102 103
102 131
103 104
103 105
103 128
104 94
105 106
105 123
106 101
107 108
108 109
109 85
109 110
110 111
110 114
111 107
111 112
112 100
112 115
113 118
114 112
115 116
115 117
116 114
116 119
117 113
118 116
119 120
120 121
121 118
121 122
122 105
123 124
125 124
125 126
126 127
127 120
127 119
128 129
128 130
128 146
129 123
130 102
131 92
131 132
132 133
132 138
133 91
134 135
135 136
136 32
137 38
138 139
139 140
139 141
140 131
140 130
141 130
142 141
142 143
142 144
143 138
143 150
144 145
145 128
146 144
146 147
147 148
147 149
148 129
149 126
149 172
150 151
150 152
151 142
152 153
153 154
154 155
155 156
156 157
157 158
158 151
158 159
159 160
160 161
161 162
161 165
162 163
162 167
163 164
164 144
164 168
165 166
166 162
167 166
168 146
168 144
168 169
169 170
170 171
171 147
171 173
172 171
173 169
