157
110 919
229 931
269 884
173 829
91 839
350 891
345 825
578 933
579 891
610 785
422 858
701 844
707 889
733 932
739 883
774 838
780 911
821 950
826 905
52 747
187 694
119 772
274 726
290 799
377 726
403 767
184 547
227 541
225 701
64 544
104 545
139 662
182 502
292 493
293 568
134 497
183 477
56 480
209 401
341 460
336 628
261 597
393 673
540 729
651 715
850 948
864 889
891 821
912 874
899 946
927 850
948 873
948 814
911 791
846 762
874 725
918 738
938 661
888 663
843 661
810 738
861 697
715 775
756 693
688 721
711 655
799 626
793 690
837 614
874 595
935 614
553 601
450 664
577 677
487 520
375 595
395 465
533 561
590 531
613 580
496 324
553 295
574 328
374 353
429 266
278 300
50 339
78 312
135 355
80 411
167 387
220 274
56 242
82 208
110 241
116 310
201 362
262 274
105 185
200 234
224 188
301 230
305 294
363 250
353 317
357 209
324 256
329 189
368 169
502 201
535 241
617 238
645 271
657 173
650 224
677 257
658 552
644 608
664 585
691 592
696 563
729 616
808 591
866 562
859 502
732 573
692 525
753 539
737 402
801 497
708 226
724 184
852 455
933 554
937 484
841 378
795 199
833 192
884 351
918 342
950 433
947 568
940 211
888 267
858 187
862 132
829 141
723 149
655 135
703 120
498 171
583 169
559 109
612 97
623 149
106 150
493 135
238
0 1
0 3
1 2
1 7
2 3
3 4
3 6
4 0
4 19
5 2
6 5
6 9
7 8
7 12
7 13
8 5
9 10
10 11
11 12
11 15
11 64
12 8
13 14
13 17
14 12
15 16
16 14
17 18
17 45
18 16
19 20
19 29
20 21
20 26
21 22
22 3
22 23
22 40
23 24
24 25
25 6
26 27
26 32
27 28
28 22
29 30
29 35
29 37
30 31
31 26
32 33
32 36
33 34
34 27
35 36
36 39
37 38
37 86
38 36
39 33
39 40
40 41
40 42
40 72
41 34
42 24
42 43
43 25
43 44
44 9
45 46
46 18
46 47
47 48
47 54
48 49
48 51
49 45
50 52
51 50
52 53
52 57
53 47
54 15
54 55
54 62
55 56
56 53
57 58
58 56
58 59
59 60
60 61
61 55
62 63
62 65
63 60
64 44
64 65
65 66
65 71
66 67
67 68
68 59
68 69
69 70
70 57
70 124
71 72
72 73
72 74
73 43
74 75
74 77
74 80
75 76
76 39
76 83
77 78
78 79
79 71
79 117
80 81
81 82
81 111
82 77
83 84
83 85
84 80
84 105
84 110
85 38
86 87
86 92
87 88
88 89
89 90
90 38
91 96
91 95
91 93
91 100
92 93
93 94
93 98
94 87
94 95
95 96
96 97
97 85
97 91
98 99
98 155
99 91
100 98
100 101
100 108
101 97
101 102
101 107
102 103
103 104
104 84
105 106
105 109
106 103
107 106
108 107
108 105
109 84
109 113
109 150
110 81
111 112
112 82
112 116
113 114
113 131
114 111
114 115
115 112
115 126
116 82
116 79
117 118
118 119
119 120
120 116
120 121
121 65
121 122
122 66
122 123
123 69
124 125
125 120
126 127
127 128
128 129
129 130
130 115
131 130
131 132
132 124
132 133
133 134
134 135
135 136
136 131
136 137
137 138
138 139
139 140
140 141
140 142
141 134
141 70
142 143
143 144
144 137
144 145
144 146
145 146
146 137
146 147
147 131
147 136
147 149
148 113
149 148
150 151
151 152
152 153
153 154
154 148
155 156
156 108
156 150
